76561198112455297.995347280683073546
76561199247624176.1250215228289974377
76561198360973343.1270398855560695918
76561199065884179.804008253813424148
76561199086892524.1018156765721927700
76561199468312532.1317592980114243666
76561199229338202.1198418497852678204
76561199378831232.1225234742463430696
76561199230409126.1160277122733048002
76561199053965432.930129706458693653
76561199052427196.1048177587555422238
76561199438507641.921766246867931186
76561199814134134.848007528696381442
76561199562332728.1334149305103290420
76561199562332728.1507739863624060969
76561199815494734.1307219204226678824
76561199148908575.821584785645895723
76561199504066057.821819060315619358
76561199137176611.1218626505580478527
76561198855775476.1226358803855835309
76561199596759035.940006047156961321
